Date,stock,market,rf_rate
2023-06-01,,,0.00578559754516883
2023-06-02,-0.32643497236483077,0.32264511892186043,0.0057873477496444
2023-06-05,0.8977200333784907,0.30547965998786175,0.005791893170925988
2023-06-06,0.08492701168081318,0.11917147451054877,0.005784897157120827
2023-06-07,0.758363321338118,0.8080159209995941,0.005786647799052913
2023-06-08,0.059965519826099545,-0.5350884317192217,0.005800265392442938
2023-06-09,-0.7081385254678607,-0.2741653345727846,0.005806528180848369
2023-06-12,0.08876028509803291,0.3256200637383966,0.005798523241606013
2023-06-13,1.477434974238001,0.7476881933065949,0.005793639448122168
2023-06-14,1.2295834097999503,0.2233895390137075,0.005796780006779745
2023-06-15,0.027625263303310277,-0.16040736008654521,0.005805485354494433
2023-06-16,0.9735215935374741,0.7672068874254645,0.005804789921221465
2023-06-19,-0.9931963485931283,-0.24287069452985088,0.005811389578153303
2023-06-20,0.20762470431825442,0.35806878265907116,0.005813470454676839
2023-06-21,0.28128486446206136,0.2530872008864149,0.005816242554774753
2023-06-22,-1.1228425872629955,-0.6166511195465851,0.0058228153207087185
2023-06-23,-0.8184614315255412,-0.7992168913560693,0.005818665894448349
2023-06-26,-0.7634557432195543,0.33943716509075017,0.005815896192222336
2023-06-27,0.03575196084055765,0.6059323484469026,0.005814856847575989
2023-06-28,1.3241146830684336,0.703436755653164,0.005812430209602981
2023-06-30,0.8204038442277906,0.9387363920084546,0.00583109578248342
2023-07-03,2.566439335369086,0.5961655508216701,0.005833506314499193
2023-07-04,-1.0304502903537016,0.17001503513744964,0.005834194657177827
2023-07-05,-0.16423994349463733,0.2485496238535223,0.00582937270325945
2023-07-06,2.0989958915085483,0.5895572747210309,0.005843813739904835
2023-07-07,-0.19493991092039975,-0.7795723882228489,0.005847926115928104
2023-07-10,3.8520414564982675,-0.06731100097194798,0.005844499555211824
2023-07-11,1.084154906888335,0.5693573963603482,0.00582592336246468
2023-07-12,0.11036032446731792,-0.04174675636713365,0.005833850506977711
2023-07-13,-0.8942464968380914,-0.10305840076195727,0.005817627576952589
2023-07-14,-0.08392697951218331,0.8514849102797761,0.0058238517177668925
2023-07-17,2.0432687477141886,0.6358314271313725,0.005818665894448349
2023-07-18,0.849149865498755,-0.00029634810233547526,0.005813123749231819
2023-07-19,0.758815420004133,0.48304883831200573,0.005817973725541936
2023-07-20,1.5445736434108515,0.5252602707405574,0.005821778540132216
2023-07-21,-3.095597076168477,-0.8112048959809437,0.005823160828993812
2023-07-24,-2.022648941408167,-0.23159787746311888,0.005817627576952589
2023-07-25,-0.06432419393743727,0.18825803506046235,0.005827648563689225
2023-07-26,1.6252313138627184,0.46221496250791194,0.005826268487704622
2023-07-27,-0.9302509698361217,-0.3287187039764272,0.005834538765109976
2023-07-28,1.004914692132508,0.17228946995129224,0.0058486109254825
2023-07-31,0.8465692189014495,0.6528659132009951,0.005852374389053949
2023-08-01,-1.4141414141414232,-0.04601676534380372,0.005846898587657856
2023-08-02,-1.0683590641413332,-1.1271966993428584,0.005846213359399055
2023-08-03,-0.4202948096607373,-0.513970324367774,0.00585988618457689
2023-08-04,1.3591017407811323,0.70532962086296,0.005859545175878722
2023-08-07,0.569823275089143,0.3892697713521187,0.005860908961719646
2023-08-08,-0.6022544921449269,-0.04187221896221338,0.005851006441671247
2023-08-09,0.6597173778725596,0.32213814770565286,0.0058544250586662905
2023-08-10,0.44550926659274737,-0.37638534802412194,0.005846213359399055
2023-08-11,0.4218494352342894,-0.47048822746362795,0.005861249804483659
2023-08-14,1.181712894803999,-0.20521762855016945,0.005864996340857465
2023-08-16,-0.08148220001940043,0.16344190828829763,
2023-08-17,-1.4426344096460486,-0.3014291181714812,0.005878916734131323
2023-08-18,0.7407407407407529,-0.26514306119715947,0.005866697657233022
2023-08-21,-1.4392991239048913,0.5630247587675941,0.005868737874186625
2023-08-22,-0.023809523809514843,0.31568859574948593,0.00586805796692369
2023-08-23,0.11113757243788047,0.2661894973454926,0.00585988618457689
2023-08-24,-1.6810720799302015,-0.118582321794658,0.005859545175878722
2023-08-25,-0.4617307847407104,-0.6455938074972911,0.005863975054943182
2023-08-28,-0.9966171734154372,0.323705401332286,0.0058544250586662905
2023-08-29,-0.9575447570332463,0.30814267005623286,0.005855108281806576
2023-08-30,-0.09502757865597067,0.24605223514677643,0.005856815611122723
2023-08-31,-0.45697979777094,-0.2631276537440552,0.005850322217442638
2023-09-01,0.23473203157458045,0.8877767470441889,0.005853399911472268
2023-09-04,-0.08082399021823727,0.6231496584097496,0.005863293990795659
2023-09-05,0.5351142821587107,0.41412145428512126,0.005863975054943182
2023-09-06,0.21043076415250273,0.1883828635354634,0.005865336686787348
2023-09-07,0.13587515955038043,0.5837566388577242,0.005852716271568692
2023-09-08,0.6661184210526194,0.5864082137413407,0.00586159060578928
2023-09-11,1.0783432726084508,0.9486803393290444,0.005864996340857465
2023-09-12,-1.4446779277458965,-1.0921439840030356,0.005862953396630344
2023-09-13,0.5002357668573376,0.37914040508459923,0.005852374389053949
2023-09-14,0.09179739295404055,0.437902063987905,0.005827993476493765
2023-09-15,0.1854644764194946,0.35390689351548765,0.0058475836483733445
2023-09-18,-0.8706796590516097,-0.295486193662331,0.005844499555211824
2023-09-20,-2.2286523425475435,-0.9325180542308242,0.005845870682415377
2023-09-21,-0.7283336481749614,-0.8358477536412501,0.005840038752060739
2023-09-22,-0.4165257104195019,-0.24677088450314466,0.0058448423999235555
2023-09-25,-0.6157243253572253,0.06807332220986062,0.0058448423999235555
2023-09-26,0.08758999337734608,0.024316039033034365,0.00584347076928915
2023-09-27,1.1270010672358666,0.3753599490644799,0.005852716271568692
2023-09-28,-1.4690362615560004,-0.9869331549568594,0.005874849626494427
2023-09-29,0.46698941776273095,0.7113966145325223,0.005865336686787348
2023-10-03,-1.1449893390191868,-0.22090373917165174,0.005873831926468176
2023-10-04,-0.17255138796022917,-0.7609653189911136,0.005874849626494427
2023-10-05,-0.002160620530222701,0.4245726533162797,0.005866697657233022
2023-10-06,0.16853204269478006,0.5687435303969535,0.0059088982535822066
2023-10-09,-0.8520276100086321,-0.9593144284590682,0.005924602691955938
2023-10-10,0.44164037854890204,1.0255317409809672,0.0059129162726778706
2023-10-11,1.5876797782013563,0.6010396830671505,0.00589815528146076
2023-10-12,0.18549711093580612,0.07094704248493677,0.005896472965071675
2023-10-13,-0.00425640589085674,-0.1684874021940841,0.005902524582759083
2023-10-16,-0.22347082109565042,0.015238336203715619,0.005906887081285062
2023-10-17,0.4778055075616905,0.4294831253952802,0.005905210000946681
2023-10-18,-1.3268230548774018,-0.7081642116592346,0.005913585382708586
2023-10-19,-0.7680722891566183,-0.19315036900369176,0.00591893251856912
2023-10-20,-0.3057043123821157,-0.5877935357153197,0.00591759669093439
2023-10-23,-1.561480579357144,-1.85980968983801,0.005923269565424993
2023-10-25,-0.23197242841993537,-0.7573111015057532,0.005910238233584053
2023-10-26,-1.3928563520007042,-1.2251801823301878,0.005917930707551866
2023-10-27,1.7651021783067655,1.2684644633640385,0.0059129162726778706
2023-10-30,2.0610821784800004,0.3617558729410719,0.00591893251856912
2023-10-31,-1.0637837837837782,-0.1485786961922253,0.0059129162726778706
2023-11-01,0.41522793828401294,-0.4056282029152758,0.005915257459071066
2023-11-02,0.9924262209453971,0.9433483037957879,0.005903196178631109
2023-11-03,-0.021549866390824235,0.6521301536931423,0.00590151688702889
2023-11-06,0.8320041384661803,0.9320067407997845,0.005897482476109994
2023-11-07,-0.6498503634031594,0.1655069524575392,0.005889058749579235
2023-11-08,0.5206988553231762,0.41831997114232244,0.005884330377134539
2023-11-09,-1.0852348131341172,-0.23638881324703487,0.005885344271750359
2023-11-10,0.1882668628681472,0.21894546109215707,0.005895799755591513
2023-11-12,0.680374962201391,0.6055654068588323,
2023-11-13,-0.6886490893098562,-0.2448001566720981,0.005890070934948088
2023-11-15,1.8080877905469528,1.0939105932350257,0.005870436920871525
2023-11-16,0.18035604404931238,0.4857765427903171,0.0058728138566577215
2023-11-17,-0.2181556318041067,0.04206194473970193,0.005866017254644751
2023-11-20,-0.26320816794380697,-0.15255248430441348,0.005879594011808376
2023-11-21,1.2577947091748864,0.30699370933184866,0.005885344271750359
2023-11-22,0.3909369876833768,0.0005672922008814751,0.005877900510555589
2023-11-23,0.30566954191442175,0.06637281097363612,0.005879932589264447
2023-11-24,-0.06679190148194403,0.023243420978036333,0.005886357799612663
2023-11-28,0.020886419649945864,0.5571456910477002,0.0058866955607783655
2023-11-29,0.2631139325091736,0.9147888038417706,0.005879594011808376
2023-11-30,-0.9684675303036627,0.46832848342002187,0.005888721273184627
2023-12-01,0.7087425603062192,0.7082519130862552,0.005892431279811872
2023-12-04,1.0817357891659274,1.8390481000919223,0.0058860199977259775
2023-12-05,0.7251466820924035,0.7591403095102534,0.005882977946681578
2023-12-06,0.9578504768741558,0.4919695188704942,0.005878239292702148
2023-12-07,-0.1645605623501578,0.12767665952890805,0.005874171200884071
2023-12-08,-0.05290897621131885,-0.0018712724920155743,0.005884330377134539
2023-12-11,0.14659472666191942,0.3566177453417918,0.005889396185331464
2023-12-12,-1.4353386057291417,-0.44432131783359585,0.005887370960986571
2023-12-13,0.40840741733874086,0.3459661365241784,0.005881963195272677
2023-12-14,1.2407814457980004,1.1860416127819295,0.00585988618457689
2023-12-15,1.2763021731631463,0.9022944737098637,0.0058492955676987535
2023-12-18,1.017791312710381,0.05484446371255558,0.005845870682415377
2023-12-19,1.4716382387941263,0.07151974232011415,0.005852032464817025
2023-12-20,-1.2098823345451648,-2.0334650547100153,0.005852032464817025
2023-12-21,1.4007874483113358,0.864508811493403,0.005856474228479902
2023-12-22,0.09755907201811631,0.5960362795510488,0.0058578395095518765
2023-12-26,0.506812732695261,0.4941038169060441,0.005856132804237246
2023-12-27,0.34134326331916043,0.7734145914767732,0.005863634543563423
2023-12-28,0.7228869087887002,0.5301355913758243,0.005864315524945596
2023-12-29,-0.7906200226439841,0.15412966996146693,0.005853741668881751
2024-01-01,0.20503297936131926,0.20767763901148317,0.005860568077487249
2024-01-02,0.8281053952321038,-0.2624617992244227,0.005863975054943182
2024-01-03,-1.0874143278324366,-0.26392493717298793,0.005867377894632542
2024-01-04,0.5167808616885372,0.8989448628218266,0.005868737874186625
2024-01-05,0.4255483026206708,0.252542698138547,0.005873831926468176
2024-01-08,-0.7803811788165804,-0.882566128653528,0.005862953396630344
2024-01-09,-0.2647496473225486,0.21552501068611285,0.005858180725895723
2024-01-10,2.697151714783952,0.29959582826941666,0.0058544250586662905
2024-01-11,2.6300894305875344,0.3407137568943286,0.005849980042658354
2024-01-12,0.796014412824464,0.8233615105939229,0.0058544250586662905
2024-01-15,1.7071257910959536,0.7087654971234203,0.005844156668542322
2024-01-16,-1.398726799964134,-0.29166907628906946,0.00584347076928915
2024-01-17,-0.9493498226789132,-1.7145335656699956,0.0058492955676987535
2024-01-18,0.4682077740851609,-0.373570886101926,0.0058544250586662905
2024-01-19,-0.03655104353229577,0.9868759915116376,0.005856474228479902
2024-01-20,-0.789791217229141,0.02550187693814987,
2024-01-23,-2.06943574245384,-2.0648704325035516,0.0058530581123714676
2024-01-24,1.1516098075005088,1.2732701774664124,0.005855449830910686
2024-01-25,0.684587480234411,-0.29818518328106336,0.005852032464817025
2024-01-29,7.019197014208367,1.6431186510596607,0.005852032464817025
2024-01-30,-2.7916853699803124,-0.6973033713565391,0.005846555994476477
2024-01-31,1.3497913151585106,1.164287684809584,0.005842784702081882
2024-02-01,0.0017523876281400064,-0.12498674383020214,0.00581520333863339
2024-02-02,2.1764272947113916,0.6747617855779486,0.005810348560039813
2024-02-05,-1.2811278040749108,-0.28778351447454886,0.005824542436213775
2024-02-06,-0.780042042355078,0.9079003702118005,0.005824887731590955
2024-02-07,1.0050427230704706,0.378361514943526,0.005818665894448349
2024-02-08,0.5529937939881435,-0.606676927131633,0.005821432861331299
2024-02-09,0.7326954572881572,-0.13033113112912442,0.00583247348329019
2024-02-12,-0.5750470648639427,-1.4342609523332328,0.005826613570436789
2024-02-13,0.8778875615381931,0.5473896072212714,0.005826613570436789
2024-02-14,1.110845676063077,0.7046489645097465,0.00583247348329019
2024-02-15,-0.7273647793435201,0.5757367372241085,0.005822469769810379
2024-02-16,-0.681694546443623,0.6383191096471563,0.005827303608418433
2024-02-19,0.9191585505708311,0.3778843435871204,
2024-02-20,-0.20183175033920975,0.15216564317157566,0.005814510313662202
2024-02-21,-0.22603286823813518,-0.7083697137416967,0.005808612669816915
2024-02-22,0.9572800981126894,0.7732893488272774,0.005814510313662202
2024-02-23,0.8014172431246802,0.1456816842873243,0.005819703827286915
2024-02-26,-0.4217926186291687,-0.2840475545819343,0.005814856847575989
2024-02-27,-0.11261829122753975,0.18291057376158548,0.0058165888745134176
2024-02-28,-2.0210009086931713,-1.3425911096765497,0.005815549786845509
2024-02-29,0.35551738943753186,0.3478951469501057,0.005820049719469589
2024-03-01,2.144372946330786,1.2929285890278974,0.0058138171172232855
2024-03-02,-0.14241434196197167,0.3516005071302786,
2024-03-04,1.1677852348993323,0.052396144231403596,0.0058138171172232855
2024-03-05,-0.47764362478439626,-0.24495828857113988,0.005812777000877567
2024-03-06,0.18664178109584206,-0.012020410165836104,0.005811736498251507
2024-03-07,-1.6017964071856294,0.27110510290953016,0.00580374644754178
2024-03-11,-0.8333755937589782,-0.714712157691777,0.005797826077829971
2024-03-12,0.6017318969044005,-0.5783993592508141,0.00580200646063922
2024-03-13,-2.9313587610349523,-2.6031906560774254,0.005806528180848369
2024-03-14,-0.048876708502809674,1.3745590772817229,0.005807223182839216
2024-03-15,-0.9256186800328359,-0.4576641804346582,0.005814510313662202
2024-03-18,1.4983518130056828,0.09028912696971148,0.005823160828993812
2024-03-19,-0.9882075062088491,-1.1719438998946674,0.00582592336246468
2024-03-20,1.2980178915979579,0.10963486490689345,0.005826613570436789
2024-03-21,0.50043290043289,1.3516163620202803,0.005810348560039813
2024-03-22,0.2791226589017759,0.4885060359644866,0.005823160828993812
2024-03-26,-0.9243827425645668,0.053264381382978065,0.0058238517177668925
2024-03-27,3.556873558434348,0.4126416815585898,0.005817973725541936
2024-03-28,-0.46890176508022074,0.8330927229462715,0.005811042615092354
2024-04-01,-0.07234916041322093,1.172047602708437,
2024-04-02,0.1464868414406295,0.3767222722403929,0.0058304066779517605
2024-04-03,-1.0323144692155228,0.17477120528932577,0.005829027960214894
2024-04-04,-0.5894944278336478,0.2860858888559914,0.0058255781947060825
2024-04-05,-0.19310627680845238,0.24413672624503668,0.005833506314499193
2024-04-08,1.7721388945962646,0.5020492297888923,0.005846213359399055
2024-04-09,-1.5023805918672806,-0.13641319749652103,
2024-04-10,1.088033341304273,0.5988254363729961,0.005833162079732057
2024-04-12,-0.8397681766723508,-0.8113716340269361,0.005854766691061997
2024-04-15,-0.15847050403844376,-1.2858210214263366,0.005853399911472268
2024-04-16,0.06314747495435036,-0.27223341268387546,0.005859545175878722
2024-04-18,-0.09721985331740957,-0.4813200803016171,0.005855108281806576
2024-04-19,0.3960869342529705,0.2976673702440813,0.005870436920871525
2024-04-22,0.6615083751381645,0.9303318093518698,0.0058592041256715355
2024-04-23,-1.3869648950907143,0.37813155381449803,0.0058506643504434575
2024-04-24,-0.627002209925831,0.37767550411207385,0.00585715695217548
2024-04-25,0.67578050924888,0.662063176986738,0.005863293990795659
2024-04-26,-0.5085703522320517,-0.136812999870628,0.00586159060578928
2024-04-29,0.8588344635296563,0.7334681743912386,0.005860568077487249
2024-04-30,0.13480998617769746,0.02381837063289982,0.005860227151776476
2024-05-02,-0.030674846625766694,0.4114834358866837,0.005848953267502788
2024-05-03,-2.219494732535543,-0.5883720047809682,0.005844499555211824
2024-05-06,-0.8385634588563562,-0.42271899921514366,0.0058304066779517605
2024-05-07,-1.2640869213593753,-1.1403410002898795,0.005837633836157874
2024-05-08,0.9615384615384581,0.3487140714245829,0.005840725491909726
2024-05-09,-1.7671957671957617,-1.739201831450532,0.005839695319003857
2024-05-10,0.7935652985744612,0.6109669301246567,0.005836946338006799
2024-05-13,-0.05700035625222366,0.20469878988329526,0.005833162079732057
2024-05-14,1.23868254081414,0.8424747696357926,0.005830751251403532
2024-05-15,-0.267591500448916,0.2806544252023313,0.0058228153207087185
2024-05-16,0.6407653880778685,0.9025231596988759,0.005819357892396182
2024-05-17,0.7261374399270437,0.6474254684278646,0.00582592336246468
2024-05-18,-0.060945880058504986,0.3793102629773726,
2024-05-21,0.09060338368789278,0.20430893213112533,0.005820049719469589
2024-05-22,1.707720428235704,0.23645850294864434,0.005791893170925988
2024-05-23,1.7389518365111378,1.185624654212436,
2024-05-24,-0.3902964234043238,-0.026989862514570362,0.005792242513452894
2024-05-27,-0.9457861847660842,0.04305579798684622,0.005786297758168635
2024-05-28,-0.685421994884905,-0.49155539012702976,0.005791194355164508
2024-05-29,-1.0592638373849717,-0.6127453845380493,0.0057957335450067315
2024-05-30,-1.105307907202735,-1.0244021772368717,0.005793988572984299
2024-05-31,0.38951468575640913,0.30776835856083373,0.0057880475254066255
2024-06-03,5.5875978747203625,3.2890590571142964,0.005774370270831497
2024-06-04,-7.48514392597619,-6.760209933294814,0.005804442139841548
2024-06-05,1.6800558229410845,3.594545324827747,0.00580200646063922
2024-06-06,0.763681154319884,1.4752260810091844,0.00579817468140309
2024-06-07,2.678820899692669,1.8682424526094144,0.005799220231943902
2024-06-10,0.0986428109799764,0.20262679681952722,0.00580409431528528
2024-06-11,-1.0007475873318072,0.20061215365745344,0.005797826077829971
2024-06-12,0.4565191274649605,0.49858136555007704,0.005797128740528956
2024-06-13,0.1315497240872654,0.5161434273107446,0.0057880475254066255
2024-06-14,0.8394471933117265,0.6342216967242464,0.0057873477496444
2024-06-18,0.2351866265101199,0.519035035990334,0.005786297758168635
2024-06-19,-1.5107780084738565,-0.468884350816845,0.0057838462466413
2024-06-20,1.0317759572207041,0.3608565167897204,0.005784546897426246
2024-06-21,-1.323200108570266,-0.3088979650393786,0.005783495855528953
2024-06-24,-0.8750515747490084,0.2379003606731267,0.005782794941809666
2024-06-25,0.8793076536186994,0.3658739024904767,0.005786997796207727
2024-06-26,4.1175257023003065,0.29569994613476425,0.005791893170925988
2024-06-27,1.091461501626445,0.4483705341225219,0.005792941067853441
2024-06-28,2.2769592630100366,0.09894663980760665,0.0057957335450067315
2024-07-01,-0.335377539287085,0.744247485560523,0.005797477430875331
