Date,Open,High,Low,Close,Volume,Currency
2023-06-01,15801.95,15823.95,15743.4,15760.35,1756669952,INR
2023-06-02,15816.8,15838.45,15774.65,15811.2,1850569984,INR
2023-06-05,15877.45,15899.15,15851.75,15859.5,1789970048,INR
2023-06-06,15873.75,15895.7,15816.7,15878.4,1727379968,INR
2023-06-07,15938.3,16016.0,15920.25,16006.7,3113270016,INR
2023-06-08,16021.7,16048.8,15906.15,15921.05,2368750080,INR
2023-06-09,15947.95,15961.7,15866.8,15877.4,1899270016,INR
2023-06-12,15913.2,15946.15,15874.4,15929.1,1724889984,INR
2023-06-13,15964.8,16057.5,15964.3,16048.2,1911980032,INR
2023-06-14,16082.15,16094.1,16035.15,16084.05,2015520000,INR
2023-06-15,16106.85,16138.7,16039.05,16058.25,1704320000,INR
2023-06-16,16100.9,16211.25,16091.8,16181.45,2041479936,INR
2023-06-19,16231.05,16244.95,16117.85,16142.15,1733299968,INR
2023-06-20,16147.55,16215.6,16080.95,16199.95,1693219968,INR
2023-06-21,16244.55,16277.35,16201.4,16240.95,1856150016,INR
2023-06-22,16252.75,16264.15,16128.8,16140.8,1797200000,INR
2023-06-23,16126.7,16133.95,15999.4,16011.8,1506649984,INR
2023-06-26,16017.5,16079.0,15995.1,16066.15,1333430016,INR
2023-06-27,16118.65,16171.2,16104.2,16163.5,1483209984,INR
2023-06-28,16239.85,16296.0,16210.45,16277.2,2074189952,INR
2023-06-30,16354.95,16437.45,16326.0,16430.0,2166299904,INR
2023-07-03,16490.95,16541.9,16485.3,16527.95,2214330112,INR
2023-07-04,16597.5,16599.25,16499.15,16556.05,2893789952,INR
2023-07-05,16580.2,16611.15,16540.2,16597.2,2338439936,INR
2023-07-06,16600.75,16703.3,16590.7,16695.05,2484570112,INR
2023-07-07,16653.3,16718.2,16541.6,16564.9,2179399936,INR
2023-07-10,16620.9,16623.95,16530.75,16553.75,1783750016,INR
2023-07-11,16610.95,16698.8,16597.55,16648.0,1975160064,INR
2023-07-12,16697.1,16703.25,16627.3,16641.05,2112050048,INR
2023-07-13,16726.95,16774.5,16596.45,16623.9,2156359936,INR
2023-07-14,16695.7,16786.0,16655.05,16765.45,1682710016,INR
2023-07-17,16811.65,16884.95,16784.35,16872.05,2046130048,INR
2023-07-18,16932.95,16940.15,16818.3,16872.0,1999920000,INR
2023-07-19,16919.05,16964.25,16877.45,16953.5,1986819968,INR
2023-07-20,16965.45,17051.0,16912.7,17042.55,2161649920,INR
2023-07-21,16931.95,16991.4,16874.95,16904.3,2357179904,INR
2023-07-24,16921.75,16948.4,16852.2,16865.15,2884000000,INR
2023-07-25,16918.8,16918.85,16832.45,16896.9,2288029952,INR
2023-07-26,16950.7,17011.0,16931.6,16975.0,2313609984,INR
2023-07-27,17038.35,17056.2,16873.0,16919.2,2480260096,INR
2023-07-28,16935.05,16960.5,16880.6,16948.35,2068540032,INR
2023-07-31,16972.5,17072.8,16939.0,17059.0,2443429888,INR
2023-08-01,17096.6,17102.1,17026.3,17051.15,2330919936,INR
2023-08-02,17005.6,17018.85,16755.9,16858.95,2424630016,INR
2023-08-03,16818.35,16878.75,16691.65,16772.3,2549860096,INR
2023-08-04,16847.4,16914.45,16836.55,16890.6,2629070080,INR
2023-08-07,16948.35,16970.05,16897.5,16956.35,2250350080,INR
2023-08-08,16991.85,16998.15,16889.85,16949.25,2394540032,INR
2023-08-09,16966.85,17011.95,16881.75,17003.85,2114889984,INR
2023-08-10,16999.5,17013.45,16901.55,16939.85,2345380096,INR
2023-08-11,16970.05,16972.05,16845.8,16860.15,2276879872,INR
2023-08-14,16827.75,16854.1,16661.0,16825.55,2026870016,INR
2023-08-16,16779.6,16867.8,16732.75,16853.05,0,INR
2023-08-17,16858.85,16869.4,16781.6,16802.25,2047869952,INR
2023-08-18,16768.0,16803.25,16722.05,16757.7,1900550016,INR
2023-08-21,16780.75,16872.55,16766.7,16852.05,1765280000,INR
2023-08-22,16886.95,16925.45,16874.8,16905.25,2251640064,INR
2023-08-23,16950.9,16981.85,16912.15,16950.25,2283719936,INR
2023-08-24,17039.25,17074.25,16916.4,16930.15,2414340096,INR
2023-08-25,16871.0,16905.7,16785.25,16820.85,2505019904,INR
2023-08-28,16866.4,16918.25,16823.4,16875.3,2442609920,INR
2023-08-29,16933.85,16938.8,16898.05,16927.3,2514030080,INR
2023-08-30,17010.15,17035.6,16959.1,16968.95,2247510016,INR
2023-08-31,17001.35,17011.8,16904.7,16924.3,3889499904,INR
2023-09-01,16940.2,17088.1,16931.5,17074.55,3946589952,INR
2023-09-04,17157.9,17191.2,17074.55,17180.95,4456719872,INR
2023-09-05,17228.2,17264.9,17180.95,17252.1,3770249984,INR
2023-09-06,17274.2,17298.8,17198.75,17284.6,3048649984,INR
2023-09-07,17292.35,17395.0,17269.1,17385.5,2765479936,INR
2023-09-08,17437.65,17519.6,17385.5,17487.45,2991389952,INR
2023-09-11,17567.2,17660.8,17550.2,17653.35,3717220096,INR
2023-09-12,17753.95,17754.05,17422.05,17460.55,4434019840,INR
2023-09-13,17458.4,17540.85,17364.35,17526.75,3477319936,INR
2023-09-14,17593.25,17648.55,17546.0,17603.5,2950880000,INR
2023-09-15,17662.8,17691.85,17620.9,17665.8,4139200000,INR
2023-09-18,17666.85,17671.6,17601.55,17613.6,4463920128,INR
2023-09-20,17513.2,17571.15,17419.75,17449.35,3096780032,INR
2023-09-21,17409.1,17422.75,17273.1,17303.5,2882269952,INR
2023-09-22,17314.4,17361.8,17226.05,17260.8,3034800128,INR
2023-09-25,17276.35,17308.2,17198.2,17272.55,2341570048,INR
2023-09-26,17284.9,17312.35,17250.3,17276.75,2387170048,INR
2023-09-27,17270.4,17352.1,17217.45,17341.6,2417639936,INR
2023-09-28,17384.05,17389.2,17147.0,17170.45,2924750080,INR
2023-09-29,17227.55,17357.15,17205.2,17292.6,2088080000,INR
2023-10-03,17294.5,17295.45,17201.7,17254.4,2473840128,INR
2023-10-04,17195.55,17200.7,17032.6,17123.1,2995739904,INR
2023-10-05,17202.25,17234.0,17154.3,17195.8,2478390016,INR
2023-10-06,17263.35,17310.1,17237.1,17293.6,2240979968,INR
2023-10-09,17170.5,17206.85,17096.65,17127.7,2336940032,INR
2023-10-10,17184.55,17319.3,17184.55,17303.35,2004729984,INR
2023-10-11,17380.65,17447.8,17375.5,17407.35,2194629888,INR
2023-10-12,17438.3,17457.85,17402.45,17419.7,2136729984,INR
2023-10-13,17323.05,17436.5,17306.55,17390.35,2275970048,INR
2023-10-16,17390.35,17431.5,17353.15,17393.0,2160920064,INR
2023-10-17,17490.05,17494.5,17437.95,17467.7,2188910080,INR
2023-10-18,17484.35,17492.4,17332.3,17344.0,2315569920,INR
2023-10-19,17251.2,17344.6,17202.25,17310.5,2047680000,INR
2023-10-20,17258.3,17295.05,17190.6,17208.75,2592829952,INR
2023-10-23,17204.75,17224.8,16859.85,16888.7,2543980032,INR
2023-10-25,16912.4,16967.1,16677.15,16760.8,2453600000,INR
2023-10-26,16678.7,16689.1,16466.25,16555.45,2559079936,INR
2023-10-27,16636.05,16793.1,16634.6,16765.45,2144659968,INR
2023-10-30,16784.95,16837.8,16661.95,16826.1,2056329984,INR
2023-10-31,16909.7,16910.0,16785.55,16801.1,1845549952,INR
2023-11-01,16808.5,16834.1,16719.1,16732.95,2394599936,INR
2023-11-02,16849.95,16903.75,16823.0,16890.8,2235610112,INR
2023-11-03,16990.35,17027.45,16983.05,17000.95,2448290048,INR
2023-11-06,17105.35,17168.75,17080.95,17159.4,1888870016,INR
2023-11-07,17170.35,17200.6,17120.75,17187.8,2161929984,INR
2023-11-08,17242.65,17269.25,17215.0,17259.7,2311200000,INR
2023-11-09,17284.95,17288.6,17209.55,17218.9,2149690112,INR
2023-11-10,17189.7,17274.9,17156.85,17256.6,1653299968,INR
2023-11-12,17380.5,17383.45,17349.4,17361.1,423009,INR
2023-11-13,17335.0,17339.15,17278.65,17318.6,2274390016,INR
2023-11-15,17493.3,17518.9,17448.3,17508.05,2778710016,INR
2023-11-16,17518.1,17668.65,17486.5,17593.1,2235480064,INR
2023-11-17,17537.45,17649.05,17528.85,17600.5,2971840000,INR
2023-11-20,17618.55,17636.4,17556.1,17573.65,2184320000,INR
2023-11-21,17644.5,17665.0,17617.2,17627.6,2017500032,INR
2023-11-22,17637.45,17654.6,17533.75,17627.7,1813910016,INR
2023-11-23,17654.15,17693.25,17627.35,17639.4,1688920064,INR
2023-11-24,17661.3,17684.15,17631.75,17643.5,1805570048,INR
2023-11-28,17701.05,17760.0,17665.65,17741.8,2261319936,INR
2023-11-29,17831.65,17911.35,17823.45,17904.1,2241819904,INR
2023-11-30,17926.9,18007.1,17845.9,17987.95,4614589952,INR
2023-12-01,18061.8,18141.65,18053.15,18115.35,2479000064,INR
2023-12-04,18422.35,18460.0,18315.45,18448.5,2947849984,INR
2023-12-05,18541.3,18594.9,18453.65,18588.55,2852499968,INR
2023-12-06,18677.25,18698.8,18594.4,18680.0,2728849920,INR
2023-12-07,18696.75,18721.8,18619.75,18703.85,3279300096,INR
2023-12-08,18752.25,18785.7,18588.15,18703.5,3554180096,INR
2023-12-11,18726.35,18780.45,18710.15,18770.2,2910990080,INR
2023-12-12,18809.9,18819.7,18635.35,18686.8,3315089920,INR
2023-12-13,18723.7,18770.45,18601.5,18751.45,2980090112,INR
2023-12-14,18906.4,18996.25,18893.75,18973.85,3964130048,INR
2023-12-15,19071.95,19165.1,19020.55,19145.05,4026700032,INR
2023-12-18,19149.15,19201.55,19073.1,19155.55,3411919872,INR
2023-12-19,19212.55,19213.55,19067.2,19169.25,2952379904,INR
2023-12-20,19264.4,19303.6,18727.1,18779.45,3869600000,INR
2023-12-21,18647.85,18965.8,18582.95,18941.8,3061270016,INR
2023-12-22,19011.25,19089.95,18934.75,19054.7,2606960128,INR
2023-12-26,19095.0,19173.8,19059.4,19148.85,2213220096,INR
2023-12-27,19219.4,19312.3,19189.8,19296.95,2085420032,INR
2023-12-28,19358.35,19414.55,19313.1,19399.25,3239140096,INR
2023-12-29,19394.5,19450.1,19338.35,19429.15,4243089920,INR
2024-01-01,19452.0,19543.25,19421.4,19469.5,4273809920,INR
2024-01-02,19496.8,19499.8,19271.65,19418.4,4059849984,INR
2024-01-03,19434.3,19442.2,19343.15,19367.15,3635620096,INR
2024-01-04,19451.8,19560.4,19433.5,19541.25,3245959936,INR
2024-01-05,19602.1,19637.1,19490.95,19590.6,4034289920,INR
2024-01-08,19636.0,19641.85,19400.6,19417.7,3520349952,INR
2024-01-09,19549.5,19596.05,19439.1,19459.55,3705250048,INR
2024-01-10,19463.55,19532.3,19354.1,19517.85,3610340096,INR
2024-01-11,19589.75,19626.5,19532.3,19584.35,3371840000,INR
2024-01-12,19691.25,19775.9,19635.75,19745.6,3100890112,INR
2024-01-15,19876.5,19896.9,19763.8,19885.55,3512189952,INR
2024-01-16,19894.3,19923.3,19736.2,19827.55,4145479936,INR
2024-01-17,19556.4,19707.7,19470.05,19487.6,4149070080,INR
2024-01-18,19388.4,19468.65,19143.5,19414.8,3717799936,INR
2024-01-19,19555.95,19618.95,19537.15,19606.4,3753880064,INR
2024-01-20,19694.85,19717.5,19583.5,19611.4,0,INR
2024-01-23,19743.5,19752.35,19158.75,19206.45,4475899904,INR
2024-01-24,19193.15,19470.65,19080.5,19451.0,4176940032,INR
2024-01-25,19479.65,19480.05,19289.8,19393.0,3856349952,INR
2024-01-29,19475.4,19728.9,19470.05,19711.65,4154040064,INR
2024-01-30,19770.25,19799.25,19558.8,19574.2,3966479872,INR
2024-01-31,19574.15,19813.3,19546.4,19802.1,3599209984,INR
2024-02-01,19869.95,19871.25,19703.75,19777.35,4212849920,INR
2024-02-02,19884.65,20101.15,19874.8,19910.8,4994599936,INR
2024-02-05,19989.65,20044.0,19805.75,19853.5,5177880064,INR
2024-02-06,19923.2,20044.45,19824.85,20033.75,4596299776,INR
2024-02-07,20157.2,20169.9,20011.45,20109.55,5801829888,INR
2024-02-08,20207.55,20209.05,19949.35,19987.55,5597799936,INR
2024-02-09,20015.0,20040.65,19745.45,19961.5,5412700160,INR
2024-02-12,19999.95,20015.0,19634.6,19675.2,4040120064,INR
2024-02-13,19709.8,19796.05,19508.75,19782.9,3926880000,INR
2024-02-14,19618.1,19943.75,19579.2,19922.3,3452440064,INR
2024-02-15,20011.7,20065.75,19952.0,20037.0,3540689920,INR
2024-02-16,20136.85,20191.45,20098.1,20164.9,3105920000,INR
2024-02-19,20244.25,20301.0,20174.9,20241.1,2713250048,INR
2024-02-20,20242.65,20285.8,20190.7,20271.9,2683279872,INR
2024-02-21,20329.1,20342.3,20077.8,20128.3,3136440064,INR
2024-02-22,20179.25,20308.9,20004.1,20283.95,3174390016,INR
2024-02-23,20358.7,20365.65,20280.15,20313.5,3983559936,INR
2024-02-26,20299.5,20335.75,20210.35,20255.8,2815089920,INR
2024-02-27,20249.25,20329.1,20234.95,20292.85,2851269888,INR
2024-02-28,20323.5,20335.65,19987.35,20020.4,3851290112,INR
2024-02-29,20009.25,20160.05,19901.3,20090.05,4894870016,INR
2024-03-01,20171.9,20360.2,20171.0,20349.8,2820280064,INR
2024-03-02,20420.95,20445.45,20401.4,20421.35,330594,INR
2024-03-04,20456.75,20482.6,20383.15,20432.05,2541260032,INR
2024-03-05,20422.3,20440.4,20328.0,20382.0,2710700032,INR
2024-03-06,20368.75,20396.75,20139.35,20379.55,3554789888,INR
2024-03-07,20413.65,20471.35,20384.5,20434.8,2434629888,INR
2024-03-11,20478.75,20483.25,20264.3,20288.75,2281679872,INR
2024-03-12,20299.8,20326.25,20135.3,20171.4,2434739968,INR
2024-03-13,20236.8,20247.9,19549.5,19646.3,4148630016,INR
2024-03-14,19598.4,19933.9,19514.7,19916.35,3824940032,INR
2024-03-15,19867.75,19942.4,19671.15,19825.2,4157459968,INR
2024-03-18,19804.3,19894.45,19709.2,19843.1,2242830080,INR
2024-03-19,19785.8,19798.95,19594.1,19610.55,2128710016,INR
2024-03-20,19651.7,19697.45,19465.85,19632.05,2152100096,INR
2024-03-21,19790.85,19916.45,19790.85,19897.4,2205649920,INR
2024-03-22,19855.0,20048.6,19806.7,19994.6,2601580032,INR
2024-03-26,19895.55,20044.5,19895.3,20005.25,2342850048,INR
2024-03-27,20063.0,20174.4,20063.0,20087.8,2821929984,INR
2024-03-28,20150.35,20380.5,20146.15,20255.15,2647140096,INR
2024-04-01,20392.25,20504.5,20387.05,20492.55,2475630080,INR
2024-04-02,20524.15,20579.25,20481.85,20569.75,2812869888,INR
2024-04-03,20528.2,20657.9,20496.55,20605.7,3025870080,INR
2024-04-04,20755.35,20772.4,20537.5,20664.65,3312179968,INR
2024-04-05,20654.75,20730.15,20609.9,20715.1,2829769984,INR
2024-04-08,20806.85,20866.1,20768.5,20819.1,2748150016,INR
2024-04-09,20912.75,20912.75,20741.5,20790.7,2279239936,INR
2024-04-10,20864.55,20933.85,20822.85,20915.2,2571950080,INR
2024-04-12,20873.2,20931.4,20735.15,20745.5,3259739904,INR
2024-04-15,20493.3,20623.8,20362.3,20478.75,3195279872,INR
2024-04-16,20361.25,20495.2,20326.25,20423.0,3114109952,INR
2024-04-18,20515.15,20617.1,20291.15,20324.7,2963630080,INR
2024-04-19,20178.25,20428.4,20038.35,20385.2,2718299904,INR
2024-04-22,20566.2,20604.1,20468.1,20574.85,3699079936,INR
2024-04-23,20687.9,20689.75,20621.55,20652.65,4892630016,INR
2024-04-24,20723.2,20772.55,20710.2,20730.65,3698429952,INR
2024-04-25,20690.85,20894.0,20686.7,20867.9,4472010240,INR
2024-04-26,20926.4,20941.1,20814.5,20839.35,6609930240,INR
2024-04-29,20911.1,21002.1,20847.85,20992.2,4106540032,INR
2024-04-30,21052.35,21146.5,20971.85,20997.2,3682350080,INR
2024-05-02,21010.45,21126.1,21009.35,21083.6,3285590016,INR
2024-05-03,21193.45,21208.7,20830.65,20959.55,4063049984,INR
2024-05-06,21045.4,21045.4,20806.95,20870.95,3084109,INR
2024-05-07,20913.15,20913.15,20549.6,20632.95,3743442,INR
2024-05-08,20586.8,20768.75,20516.25,20704.9,2700519936,INR
2024-05-09,20696.25,20732.75,20320.8,20344.8,2624300,INR
2024-05-10,20398.0,20482.05,20299.1,20469.1,2251109888,INR
2024-05-13,20471.65,20540.25,20184.1,20511.0,2403861790720,INR
2024-05-14,20544.35,20709.75,20508.0,20683.8,2613657206784,INR
2024-05-15,20744.5,20811.25,20681.9,20741.85,2168807489536,INR
2024-05-16,20846.85,20950.55,20667.8,20929.05,2468003971072,INR
2024-05-17,20967.4,21078.65,20934.45,21064.55,2674258608128,INR
2024-05-18,21131.45,21156.45,21115.8,21144.45,482887892992,INR
2024-05-21,21114.65,21224.7,21068.85,21187.65,3541799936,INR
2024-05-22,21255.2,21261.75,21103.2,21237.75,2968300032,INR
2024-05-23,21280.05,21505.25,21249.15,21489.55,3429639936,INR
2024-05-24,21483.0,21567.45,21444.95,21483.75,5235850240,INR
2024-05-27,21573.8,21613.6,21439.15,21493.0,3597179904,INR
2024-05-28,21542.5,21558.15,21345.35,21387.35,2846080000,INR
2024-05-29,21288.35,21356.15,21243.2,21256.3,2528100096,INR
2024-05-30,21201.8,21262.85,20983.95,21038.55,3528930048,INR
2024-05-31,21129.35,21177.25,21003.0,21103.3,6422819840,INR
2024-06-03,21926.6,21926.6,21629.3,21797.4,5205919744,INR
2024-06-04,21753.35,21753.35,19624.25,20323.85,9292930048,INR
2024-06-05,20570.75,21092.15,20116.6,21054.4,5521350144,INR
2024-06-06,21253.7,21462.8,21193.2,21365.0,3836689920,INR
2024-06-07,21390.2,21781.35,21333.5,21764.15,3728219904,INR
2024-06-10,21844.3,21930.5,21758.3,21808.25,3708559872,INR
2024-06-11,21856.35,21961.45,21782.35,21852.0,4474509824,INR
2024-06-12,21935.2,22023.9,21904.7,21960.95,3547259904,INR
2024-06-13,22120.75,22120.8,21992.15,22074.3,3119000064,INR
2024-06-14,22148.25,22229.4,22054.15,22214.3,3423140096,INR
2024-06-18,22323.55,22338.15,22253.35,22329.6,3239119872,INR
2024-06-19,22406.3,22406.3,22127.25,22224.9,5221060096,INR
2024-06-20,22293.55,22333.6,22182.2,22305.1,3470269952,INR
2024-06-21,22392.6,22393.3,22186.2,22236.2,4820720128,INR
2024-06-24,22150.65,22309.1,22073.65,22289.1,3220280064,INR
2024-06-25,22349.75,22391.75,22287.1,22370.65,2647419904,INR
2024-06-26,22379.5,22464.85,22309.5,22436.8,3830080000,INR
2024-06-27,22459.9,22571.65,22395.9,22537.4,4298990080,INR
2024-06-28,22592.25,22673.65,22537.7,22559.7,4300789760,INR
2024-07-01,22580.4,22739.7,22570.4,22727.6,0,INR
