Date,Open,High,Low,Close,Volume,Currency
2023-06-01,2251.63,2255.94,2231.52,2236.28,6734525,INR
2023-06-02,2243.32,2254.08,2225.16,2228.98,7291995,INR
2023-06-05,2239.87,2254.89,2231.93,2248.99,5034355,INR
2023-06-06,2254.62,2258.48,2235.15,2250.9,3458161,INR
2023-06-07,2257.85,2269.65,2244.77,2267.97,4759238,INR
2023-06-08,2275.09,2284.94,2261.48,2269.33,5570815,INR
2023-06-09,2276.0,2277.41,2249.67,2253.26,2712243,INR
2023-06-12,2247.4,2259.84,2237.87,2255.26,2949893,INR
2023-06-13,2265.11,2290.94,2257.16,2288.58,5190958,INR
2023-06-14,2288.71,2319.58,2285.08,2316.72,6127509,INR
2023-06-15,2316.67,2326.43,2301.88,2317.36,5451926,INR
2023-06-16,2324.3,2344.46,2324.3,2339.92,11155180,INR
2023-06-19,2345.91,2345.91,2308.37,2316.68,3137532,INR
2023-06-20,2312.82,2327.75,2301.42,2321.49,3194085,INR
2023-06-21,2321.4,2333.06,2313.22,2328.02,3212779,INR
2023-06-22,2320.49,2336.19,2298.7,2301.88,3516244,INR
2023-06-23,2295.88,2299.97,2280.54,2283.04,3059084,INR
2023-06-26,2276.0,2283.63,2259.39,2265.61,5833893,INR
2023-06-27,2266.52,2278.27,2257.53,2266.42,4471687,INR
2023-06-28,2281.45,2304.01,2267.7,2296.43,5239872,INR
2023-06-30,2311.77,2321.08,2300.02,2315.27,5146441,INR
2023-07-03,2322.35,2380.41,2319.9,2374.69,5609248,INR
2023-07-04,2383.13,2383.13,2336.15,2350.22,3720447,INR
2023-07-05,2368.6,2368.6,2338.46,2346.36,4729479,INR
2023-07-06,2338.69,2400.79,2338.69,2395.61,8822948,INR
2023-07-07,2392.21,2419.4,2385.85,2390.94,6172684,INR
2023-07-10,2441.14,2502.06,2428.52,2483.04,15340262,INR
2023-07-11,2499.25,2514.77,2485.35,2509.96,9262001,INR
2023-07-12,2511.41,2543.82,2507.19,2512.73,8645662,INR
2023-07-13,2527.39,2541.1,2485.04,2490.26,6776172,INR
2023-07-14,2496.61,2506.51,2474.01,2488.17,6979790,INR
2023-07-17,2493.89,2555.67,2476.64,2539.01,10254545,INR
2023-07-18,2557.44,2576.0,2535.65,2560.57,11937761,INR
2023-07-19,2569.24,2592.85,2539.28,2580.0,18054868,INR
2023-07-20,2580.0,2630.95,2580.0,2619.85,19358812,INR
2023-07-21,2609.0,2614.9,2523.6,2538.75,15124619,INR
2023-07-24,2481.0,2514.95,2469.3,2487.4,11863933,INR
2023-07-25,2494.0,2505.2,2480.0,2485.8,6013010,INR
2023-07-26,2485.0,2547.0,2485.0,2526.2,6455506,INR
2023-07-27,2534.05,2537.65,2490.35,2502.7,8613449,INR
2023-07-28,2512.05,2542.85,2500.55,2527.85,10413926,INR
2023-07-31,2527.85,2553.9,2517.95,2549.25,4275587,INR
2023-08-01,2555.0,2559.0,2505.3,2513.2,4768316,INR
2023-08-02,2509.2,2512.0,2463.6,2486.35,6374107,INR
2023-08-03,2475.3,2500.9,2458.05,2475.9,5084175,INR
2023-08-04,2498.8,2516.0,2471.6,2509.55,11442805,INR
2023-08-07,2521.0,2528.4,2505.0,2523.85,2991435,INR
2023-08-08,2528.0,2534.45,2499.55,2508.65,4922036,INR
2023-08-09,2504.85,2529.0,2481.1,2525.2,5743293,INR
2023-08-10,2524.95,2550.0,2508.45,2536.45,7735299,INR
2023-08-11,2532.45,2558.85,2512.35,2547.15,11089665,INR
2023-08-14,2539.0,2582.3,2525.0,2577.25,4787906,INR
2023-08-16,2551.0,2582.8,2551.0,2575.15,5101556,INR
2023-08-17,2567.1,2578.1,2532.85,2538.0,6836872,INR
2023-08-18,2531.25,2577.6,2508.55,2556.8,9319989,INR
2023-08-21,2539.95,2555.45,2515.65,2520.0,4610873,INR
2023-08-22,2516.9,2537.95,2499.0,2519.4,3856522,INR
2023-08-23,2524.2,2542.85,2516.95,2522.2,4758976,INR
2023-08-24,2539.9,2539.9,2471.0,2479.8,7070010,INR
2023-08-25,2456.0,2505.0,2442.6,2468.35,11111200,INR
2023-08-28,2472.0,2484.0,2431.1,2443.75,6290413,INR
2023-08-29,2452.05,2453.45,2408.15,2420.35,8438322,INR
2023-08-30,2432.0,2443.0,2415.0,2418.05,6084473,INR
2023-08-31,2423.0,2425.0,2399.9,2407.0,10819300,INR
2023-09-01,2406.55,2425.65,2401.65,2412.65,9056421,INR
2023-09-04,2412.65,2423.65,2405.3,2410.7,4673813,INR
2023-09-05,2420.0,2433.95,2412.45,2423.6,4337938,INR
2023-09-06,2421.1,2436.15,2417.25,2428.7,4100185,INR
2023-09-07,2421.7,2438.25,2411.0,2432.0,6826286,INR
2023-09-08,2440.0,2456.0,2422.95,2448.2,11554644,INR
2023-09-11,2452.0,2476.85,2452.0,2474.6,6635537,INR
2023-09-12,2483.0,2483.0,2435.95,2438.85,8127833,INR
2023-09-13,2440.0,2462.65,2426.25,2451.05,6401669,INR
2023-09-14,2460.0,2465.8,2445.0,2453.3,4604818,INR
2023-09-15,2468.0,2468.0,2449.5,2457.85,12734296,INR
2023-09-18,2440.05,2451.0,2432.05,2436.45,3758150,INR
2023-09-20,2423.05,2427.6,2355.0,2382.15,28540942,INR
2023-09-21,2374.95,2390.1,2360.0,2364.8,6113091,INR
2023-09-22,2376.0,2382.45,2350.0,2354.95,9588393,INR
2023-09-25,2350.4,2360.7,2335.1,2340.45,7127442,INR
2023-09-26,2338.55,2350.2,2335.6,2342.5,5043891,INR
2023-09-27,2343.5,2371.8,2338.5,2368.9,5861389,INR
2023-09-28,2383.0,2383.0,2325.0,2334.1,7259173,INR
2023-09-29,2341.8,2369.1,2334.1,2345.0,6171007,INR
2023-10-03,2329.95,2335.6,2316.0,2318.15,4429528,INR
2023-10-04,2309.0,2319.0,2295.1,2314.15,5143193,INR
2023-10-05,2319.25,2329.4,2309.0,2314.1,5476841,INR
2023-10-06,2317.05,2324.8,2312.05,2318.0,2715513,INR
2023-10-09,2308.1,2311.95,2295.0,2298.25,3788439,INR
2023-10-10,2306.55,2317.9,2303.75,2308.4,5118016,INR
2023-10-11,2314.45,2349.7,2313.0,2345.05,4907059,INR
2023-10-12,2343.85,2359.35,2338.15,2349.4,6277225,INR
2023-10-13,2340.0,2357.5,2329.15,2349.3,5075158,INR
2023-10-16,2345.0,2354.55,2336.0,2344.05,2964518,INR
2023-10-17,2356.0,2359.7,2341.3,2355.25,3964090,INR
2023-10-18,2355.25,2367.0,2321.0,2324.0,4459160,INR
2023-10-19,2312.0,2321.8,2301.0,2306.15,6016278,INR
2023-10-20,2300.0,2314.7,2296.3,2299.1,4456656,INR
2023-10-23,2290.0,2306.25,2255.25,2263.2,3926981,INR
2023-10-25,2250.05,2281.2,2243.0,2257.95,5810344,INR
2023-10-26,2251.0,2258.0,2220.3,2226.5,7611267,INR
2023-10-27,2240.0,2273.5,2235.95,2265.8,5885542,INR
2023-10-30,2274.0,2325.0,2269.95,2312.5,8406652,INR
2023-10-31,2328.0,2328.0,2282.9,2287.9,6404219,INR
2023-11-01,2289.15,2317.5,2275.2,2297.4,5154595,INR
2023-11-02,2313.95,2324.3,2307.95,2320.2,5281052,INR
2023-11-03,2327.2,2334.95,2315.75,2319.7,4425078,INR
2023-11-06,2332.3,2340.0,2325.6,2339.0,5323652,INR
2023-11-07,2334.05,2339.1,2319.55,2323.8,3480102,INR
2023-11-08,2332.0,2341.0,2321.75,2335.9,3942247,INR
2023-11-09,2335.85,2335.9,2304.2,2310.55,7256805,INR
2023-11-10,2305.55,2316.35,2298.05,2314.9,3867477,INR
2023-11-12,2326.05,2331.9,2323.0,2330.65,709557,INR
2023-11-13,2322.9,2324.6,2311.7,2314.6,1927405,INR
2023-11-15,2340.0,2361.95,2327.0,2356.45,6110324,INR
2023-11-16,2351.1,2374.15,2346.95,2360.7,6567455,INR
2023-11-17,2352.9,2373.25,2352.05,2355.55,3879317,INR
2023-11-20,2348.55,2358.4,2336.4,2349.35,2245093,INR
2023-11-21,2366.0,2388.0,2360.2,2378.9,4107225,INR
2023-11-22,2375.0,2394.45,2372.2,2388.2,4267407,INR
2023-11-23,2388.2,2400.0,2388.2,2395.5,4265771,INR
2023-11-24,2391.6,2402.6,2391.05,2393.9,3374743,INR
2023-11-28,2393.9,2399.7,2375.25,2394.4,6896087,INR
2023-11-29,2408.0,2411.95,2398.05,2400.7,6265653,INR
2023-11-30,2394.7,2400.7,2369.9,2377.45,14219992,INR
2023-12-01,2378.0,2396.4,2377.6,2394.3,7171421,INR
2023-12-04,2450.0,2450.0,2398.6,2420.2,7795495,INR
2023-12-05,2439.0,2440.85,2421.65,2437.75,6346812,INR
2023-12-06,2447.1,2472.95,2435.0,2461.1,8211221,INR
2023-12-07,2460.0,2460.95,2442.0,2457.05,4071048,INR
2023-12-08,2463.85,2476.7,2445.0,2455.75,5102447,INR
2023-12-11,2456.0,2467.6,2452.4,2459.35,3533069,INR
2023-12-12,2460.0,2464.95,2420.15,2424.05,4598562,INR
2023-12-13,2422.0,2438.35,2406.3,2433.95,5015591,INR
2023-12-14,2454.0,2474.95,2442.65,2464.15,8486177,INR
2023-12-15,2478.0,2500.0,2470.05,2495.6,7966076,INR
2023-12-18,2495.6,2534.9,2490.95,2521.0,7082594,INR
2023-12-19,2555.0,2573.9,2525.2,2558.1,8410302,INR
2023-12-20,2571.05,2598.85,2520.0,2527.15,8868361,INR
2023-12-21,2527.0,2573.5,2518.25,2562.55,6882727,INR
2023-12-22,2559.6,2580.9,2547.65,2565.05,8270892,INR
2023-12-26,2568.0,2591.95,2562.7,2578.05,3732832,INR
2023-12-27,2582.0,2599.9,2573.1,2586.85,4602078,INR
2023-12-28,2589.8,2612.0,2586.85,2605.55,6151318,INR
2023-12-29,2611.1,2614.0,2579.3,2584.95,5432292,INR
2024-01-01,2580.55,2606.85,2573.15,2590.25,2015270,INR
2024-01-02,2585.0,2615.0,2573.0,2611.7,3724400,INR
2024-01-03,2610.0,2634.0,2577.2,2583.3,4518768,INR
2024-01-04,2588.0,2609.85,2579.1,2596.65,4806389,INR
2024-01-05,2602.9,2619.85,2598.0,2607.7,4043203,INR
2024-01-08,2610.0,2631.95,2568.95,2587.35,3867326,INR
2024-01-09,2600.0,2606.8,2577.2,2580.5,2701537,INR
2024-01-10,2577.0,2659.0,2575.05,2650.1,5551370,INR
2024-01-11,2659.0,2725.0,2657.0,2719.8,11862926,INR
2024-01-12,2719.8,2746.65,2691.5,2741.45,7506082,INR
2024-01-15,2750.0,2792.9,2732.0,2788.25,4305297,INR
2024-01-16,2779.95,2792.6,2741.0,2749.25,4534512,INR
2024-01-17,2719.0,2772.55,2710.05,2723.15,6098691,INR
2024-01-18,2702.8,2742.0,2702.5,2735.9,5139719,INR
2024-01-19,2752.0,2752.0,2718.0,2734.9,5211352,INR
2024-01-20,2730.0,2766.95,2700.0,2713.3,3641697,INR
2024-01-23,2743.5,2743.5,2645.1,2657.15,10027710,INR
2024-01-24,2670.45,2699.0,2647.85,2687.75,10959564,INR
2024-01-25,2685.9,2728.3,2670.4,2706.15,5904436,INR
2024-01-29,2729.0,2905.0,2720.35,2896.1,11946719,INR
2024-01-30,2919.9,2919.95,2808.85,2815.25,7046989,INR
2024-01-31,2808.0,2868.5,2805.0,2853.25,7565113,INR
2024-02-01,2870.0,2886.7,2836.1,2853.3,6674681,INR
2024-02-02,2866.35,2949.8,2866.35,2915.4,9826294,INR
2024-02-05,2921.5,2941.0,2863.05,2878.05,4407216,INR
2024-02-06,2883.7,2883.7,2839.65,2855.6,4523992,INR
2024-02-07,2871.85,2899.0,2858.5,2884.3,4648284,INR
2024-02-08,2900.0,2918.95,2855.05,2900.25,7347317,INR
2024-02-09,2908.0,2943.95,2901.9,2921.5,6278399,INR
2024-02-12,2921.5,2922.0,2884.7,2904.7,3337215,INR
2024-02-13,2911.0,2958.0,2908.0,2930.2,3857797,INR
2024-02-14,2915.0,2967.3,2915.0,2962.75,3558944,INR
2024-02-15,2966.7,2969.45,2933.05,2941.2,5003391,INR
2024-02-16,2952.95,2954.0,2917.1,2921.15,4883749,INR
2024-02-19,2924.1,2959.0,2907.05,2948.0,3364914,INR
2024-02-20,2950.05,2951.0,2923.6,2942.05,3558748,INR
2024-02-21,2948.0,2977.05,2915.1,2935.4,6360146,INR
2024-02-22,2936.3,2969.9,2916.0,2963.5,9246864,INR
2024-02-23,2979.0,2995.1,2966.7,2987.25,7219292,INR
2024-02-26,2987.1,2989.05,2965.0,2974.65,3756553,INR
2024-02-27,2966.05,2999.9,2956.1,2971.3,5413022,INR
2024-02-28,2966.0,2982.55,2900.35,2911.25,4323975,INR
2024-02-29,2930.0,2957.95,2909.05,2921.6,11814488,INR
2024-03-01,2927.0,3000.0,2925.0,2984.25,6066463,INR
2024-03-02,2979.0,3000.5,2976.25,2980.0,356205,INR
2024-03-04,2980.95,3024.9,2974.45,3014.8,5012210,INR
2024-03-05,3011.55,3014.8,2972.1,3000.4,3553834,INR
2024-03-06,2986.9,3018.0,2957.0,3006.0,3902838,INR
2024-03-07,3005.95,3006.2,2951.1,2957.85,4157863,INR
2024-03-11,2978.0,2978.0,2927.0,2933.2,5638565,INR
2024-03-12,2933.2,2976.0,2930.05,2950.85,4716339,INR
2024-03-13,2959.55,2966.2,2855.55,2864.35,6761067,INR
2024-03-14,2879.4,2897.05,2851.0,2862.95,9285551,INR
2024-03-15,2851.9,2866.45,2825.8,2836.45,9611909,INR
2024-03-18,2840.0,2883.45,2833.05,2878.95,4584696,INR
2024-03-19,2857.5,2875.2,2834.5,2850.5,4137882,INR
2024-03-20,2855.9,2890.0,2848.05,2887.5,4244403,INR
2024-03-21,2905.05,2915.8,2889.35,2901.95,6503468,INR
2024-03-22,2899.95,2920.0,2894.7,2910.05,9763804,INR
2024-03-26,2890.0,2904.8,2878.0,2883.15,5707953,INR
2024-03-27,2896.0,3000.0,2894.0,2985.7,8163322,INR
2024-03-28,2985.75,3011.9,2957.3,2971.7,10927182,INR
2024-04-01,2984.95,2987.95,2965.0,2969.55,2506940,INR
2024-04-02,2968.0,2988.0,2950.0,2973.9,4455083,INR
2024-04-03,2964.15,2968.9,2937.8,2943.2,3504146,INR
2024-04-04,2959.5,2959.5,2900.0,2925.85,7245136,INR
2024-04-05,2921.75,2941.6,2912.0,2920.2,3721149,INR
2024-04-08,2925.95,2981.95,2922.0,2971.95,4178559,INR
2024-04-09,2978.0,2979.6,2925.0,2927.3,3535707,INR
2024-04-10,2932.7,2974.0,2932.7,2959.15,4569165,INR
2024-04-12,2951.75,2972.95,2926.15,2934.3,7775506,INR
2024-04-15,2922.0,2964.25,2892.65,2929.65,6451031,INR
2024-04-16,2906.7,2942.35,2901.85,2931.5,4683092,INR
2024-04-18,2927.0,2972.0,2918.7,2928.65,9502846,INR
2024-04-19,2913.55,2948.0,2886.05,2940.25,7870889,INR
2024-04-22,2944.9,2965.65,2935.6,2959.7,5175181,INR
2024-04-23,2958.0,2987.0,2911.1,2918.65,7302777,INR
2024-04-24,2927.0,2937.1,2899.0,2900.35,5231388,INR
2024-04-25,2885.0,2935.95,2883.0,2919.95,7971963,INR
2024-04-26,2927.9,2930.0,2900.0,2905.1,4706924,INR
2024-04-29,2900.0,2935.8,2900.0,2930.05,3623987,INR
2024-04-30,2936.0,2966.15,2925.75,2934.0,5737131,INR
2024-05-02,2944.0,2954.65,2928.25,2933.1,7256323,INR
2024-05-03,2942.0,2949.9,2832.3,2868.0,8613479,INR
2024-05-06,2878.9,2879.0,2836.5,2843.95,3696094,INR
2024-05-07,2834.1,2840.25,2784.6,2808.0,7255802,INR
2024-05-08,2798.6,2865.4,2798.3,2835.0,4718651,INR
2024-05-09,2829.15,2846.6,2780.9,2784.9,5501658,INR
2024-05-10,2795.75,2819.6,2776.85,2807.0,5251481,INR
2024-05-13,2799.8,2813.95,2768.0,2805.4,4228310,INR
2024-05-14,2801.95,2854.15,2800.05,2840.15,3594150,INR
2024-05-15,2841.0,2859.95,2826.05,2832.55,2523267,INR
2024-05-16,2837.1,2855.0,2796.05,2850.7,7355887,INR
2024-05-17,2846.1,2874.4,2826.5,2871.4,5458238,INR
2024-05-18,2875.0,2879.0,2865.4,2869.65,213020,INR
2024-05-21,2851.2,2883.65,2851.2,2872.25,5588064,INR
2024-05-22,2872.55,2937.55,2872.55,2921.3,5140802,INR
2024-05-23,2917.1,2984.45,2910.0,2972.1,7304130,INR
2024-05-24,2967.25,2977.0,2952.2,2960.5,3547388,INR
2024-05-27,2960.45,2969.8,2923.1,2932.5,3314505,INR
2024-05-28,2936.0,2957.0,2905.5,2912.4,3910081,INR
2024-05-29,2893.0,2916.0,2876.9,2881.55,3691778,INR
2024-05-30,2871.0,2880.8,2840.2,2849.7,6603429,INR
2024-05-31,2862.6,2884.5,2844.5,2860.8,15534916,INR
2024-06-03,2966.0,3029.0,2918.0,3020.65,10763971,INR
2024-06-04,2996.1,2996.1,2718.6,2794.55,18354548,INR
2024-06-05,2844.0,2862.3,2768.2,2841.5,8732445,INR
2024-06-06,2870.0,2887.4,2842.7,2863.2,8927861,INR
2024-06-07,2857.0,2944.0,2853.0,2939.9,9279348,INR
2024-06-10,2939.9,2986.7,2936.15,2942.8,4625880,INR
2024-06-11,2938.0,2947.35,2909.35,2913.35,5887451,INR
2024-06-12,2915.0,2952.0,2910.35,2926.65,5040871,INR
2024-06-13,2944.0,2944.5,2920.2,2930.5,4590580,INR
2024-06-14,2940.0,2959.35,2914.45,2955.1,4078999,INR
2024-06-18,2974.7,2974.8,2942.7,2962.05,3598383,INR
2024-06-19,2975.0,2975.0,2912.0,2917.3,4362937,INR
2024-06-20,2918.0,2965.7,2900.2,2947.4,8056888,INR
2024-06-21,2947.25,2949.4,2881.15,2908.4,15585180,INR
2024-06-24,2891.05,2899.0,2875.0,2882.95,4439193,INR
2024-06-25,2886.0,2911.85,2882.0,2908.3,3522693,INR
2024-06-26,2892.1,3037.95,2890.25,3028.05,11007441,INR
2024-06-27,3027.5,3075.0,3012.0,3061.1,14191515,INR
2024-06-28,3062.05,3162.0,3062.05,3130.8,14478668,INR
2024-07-01,3125.05,3158.8,3111.35,3120.3,3862153,INR
